北京大兴国际机场	1	27000	15
北京大兴国际机场	2	37000	20
厦门高崎国际机场	1	27000	18
厦门高崎国际机场	2	37000	20
厦门高崎国际机场	3	47000	25
香港国际机场	1	28000	16
澳门国际机场	1	28999	17
北京首都国际机场	1	30000	19
哈尔滨太平国际机场	1	24000	14
西安咸阳国际机场	1	26000	17
合肥新桥国际机场	1	29999	15
三亚凤凰国际机场	1	25000	14
金边国际机场	1	20000	13
新加坡樟宜国际机场	1	30000	20
上海浦东国际机场	1	26888	17
东京成田国际机场	1	35000	22
巴黎戴高乐国际机场	1	29999	20
青岛胶东国际机场	1	23999	16
洛杉矶国际机场	1	40000	25
济南遥墙国际机场	1	19999	13
广州白云国际机场	1	40000	28
武汉天河国际机场	1	25000	18
泉州晋江国际机场	1	18000	10
桂林两江国际机场	1	18000	9
深圳宝安国际机场	1	39999	23
法兰克福国际机场	1	38999	22
旧金山国际机场	1	40000	25
台北松山机场	1	23000	16
台北桃园机场	1	23000	16
首尔仁川国际机场	1	29000	19